COMMAND:	macs 6 1000000 -t 0.001 -r 0.0005 -T -I 2 3 3 0.4
SEED:	1395617792
NEWICK_TREE:	[2417](((4:0.0110493,3:0.0110493):0.710764,5:0.721814):0.442507,((0:0.0256313,1:0.0256313):0.647271,2:0.672902):0.491419);
SITE:	0	 0.000940958494	    0.745395467	111000
SITE:	1	  0.00110790981	    0.913263271	111000
SITE:	2	  0.00121529215	   0.0840407205	110000
SITE:	3	  0.00151065639	   0.0627669081	110000
SITE:	4	  0.00153648374	    0.250281169	001000
SITE:	5	  0.00227117027	    0.959746903	000111
NEWICK_TREE:	[31](((4:0.0110493,3:0.0110493):0.710764,5:0.721814):0.442507,((0:0.0256313,1:0.0256313):0.647271,2:0.672902):0.491419);
