COMMAND:	macs 6 1000000 -t 0.001 -r 0.0005 -T -I 2 3 3 0.4
SEED:	1395617792
NEWICK_TREE:	[2417](((4:0.0110493,3:0.0110493):0.710764,5:0.721814):0.442507,((0:0.0256313,1:0.0256313):0.647271,2:0.672902):0.491419);
SITE:	0	 0.000940958494	    0.745395467	111000
SITE:	1	  0.00110790981	    0.913263271	111000
